[gd_scene load_steps=12 format=3 uid="uid://bqqgyqafm7xwp"]

[ext_resource type="Environment" uid="uid://bqnqgflivjvue" path="res://scenes/main-environment.tres" id="1_ahusb"]
[ext_resource type="PackedScene" uid="uid://q8v7juathb07" path="res://objects/view.tscn" id="4_0xu0t"]
[ext_resource type="PackedScene" uid="uid://cnymdajj1vsqm" path="res://objects/platform.tscn" id="6_sdmev"]
[ext_resource type="PackedScene" uid="uid://rjh4ifidqrfp" path="res://objects/platform_medium.tscn" id="7_ixpj3"]
[ext_resource type="PackedScene" uid="uid://uqr4hswv6d2g" path="res://objects/platform_grass_large_round.tscn" id="8_4oh1e"]
[ext_resource type="PackedScene" uid="uid://c8up71en5djgm" path="res://objects/platform_falling.tscn" id="9_2fnpo"]
[ext_resource type="PackedScene" uid="uid://dtjvjdjl8cs6e" path="res://models/flag.glb" id="9_fw1f5"]
[ext_resource type="PackedScene" uid="uid://dfpisimsgf5ce" path="res://objects/coin.tscn" id="10_fwhys"]
[ext_resource type="PackedScene" uid="uid://cnr0nkm8148mj" path="res://objects/hud.tscn" id="12_6fq7j"]
[ext_resource type="PackedScene" uid="uid://bxn888jgcs2yu" path="res://objects/player2.tscn" id="12_i4d6g"]
[ext_resource type="PackedScene" uid="uid://dy017k58p20sk" path="res://objects/cloud.tscn" id="13_drtpy"]

[node name="Main" type="Node3D"]

[node name="Environment" type="WorldEnvironment" parent="."]
environment = ExtResource("1_ahusb")

[node name="View" parent="." node_paths=PackedStringArray("Target") instance=ExtResource("4_0xu0t")]
Target = NodePath("../Player2")
process_mode = 0
transform = Transform3D(1, 0, 0, 0, 1, 0, 0, 0, 1, -4, 0, -1)

[node name="World" type="Node3D" parent="."]

[node name="platform" parent="World" instance=ExtResource("6_sdmev")]
transform = Transform3D(0.993085, 0, -0.117399, 0, 1, 0, 0.117399, 0, 0.993085, 0, 0, 0)

[node name="platform4" parent="World" instance=ExtResource("6_sdmev")]
transform = Transform3D(0.993085, 0, -0.117399, 0, 1, 0, 0.117399, 0, 0.993085, -15, 0, 4)

[node name="platform2" parent="World" instance=ExtResource("6_sdmev")]
transform = Transform3D(1, 0, 0, 0, 1, 0, 0, 0, 1, -3, 2, -3)

[node name="platform3" parent="World" instance=ExtResource("6_sdmev")]
transform = Transform3D(0.966237, 0, -0.257656, 0, 1, 0, 0.257656, 0, 0.966237, -3, 3, -5)

[node name="platform-medium" parent="World" instance=ExtResource("7_ixpj3")]
transform = Transform3D(0.996134, 0, 0.0878512, 0, 1, 0, -0.0878512, 0, 0.996134, -3, 0, 0)

[node name="platform-medium2" parent="World" instance=ExtResource("7_ixpj3")]
transform = Transform3D(0.995121, 0, 0.0986598, 0, 1, 0, -0.0986598, 0, 0.995121, -5, 0, 4)

[node name="platform-medium4" parent="World" instance=ExtResource("7_ixpj3")]
transform = Transform3D(0.929796, 0, -0.368076, 0, 1, 0, 0.368076, 0, 0.929796, -14.9422, 0.991941, 0.128304)

[node name="platform-medium3" parent="World" instance=ExtResource("7_ixpj3")]
transform = Transform3D(1, 0, 0, 0, 1, 0, 0, 0, 1, 0, 3, -6)

[node name="platform-falling" parent="World" instance=ExtResource("9_2fnpo")]
process_mode = 0
transform = Transform3D(1, 0, 0, 0, 1, 0, 0, 0, 1, -10.072, 4.76837e-07, 4.86232)

[node name="platform-grass-large-round" parent="World" instance=ExtResource("8_4oh1e")]
transform = Transform3D(1, 0, 0, 0, 1, 0, 0, 0, 1, -7, 1, -2)

[node name="flag" parent="World" instance=ExtResource("9_fw1f5")]
transform = Transform3D(0.707107, 0, -0.707107, 0, 1, 0, 0.707107, 0, 0.707107, 0, 3.48077, -6)

[node name="coin" parent="World" instance=ExtResource("10_fwhys")]
process_mode = 0

[node name="coin10" parent="World" instance=ExtResource("10_fwhys")]
process_mode = 0

[node name="coin2" parent="World" instance=ExtResource("10_fwhys")]
process_mode = 0

[node name="coin3" parent="World" instance=ExtResource("10_fwhys")]
process_mode = 0
transform = Transform3D(1, 0, 0, 0, 1, 0, 0, 0, 1, -6, 2, -2)

[node name="coin5" parent="World" instance=ExtResource("10_fwhys")]
process_mode = 0

[node name="coin6" parent="World" instance=ExtResource("10_fwhys")]
process_mode = 0
transform = Transform3D(1, 0, 0, 0, 1, 0, 0, 0, 1, -6.80571, 2.25251, -0.766069)

[node name="coin7" parent="World" instance=ExtResource("10_fwhys")]
process_mode = 0

[node name="coin8" parent="World" instance=ExtResource("10_fwhys")]
process_mode = 0

[node name="coin9" parent="World" instance=ExtResource("10_fwhys")]
process_mode = 0

[node name="coin4" parent="World" instance=ExtResource("10_fwhys")]
process_mode = 0
transform = Transform3D(1, 0, 0, 0, 1, 0, 0, 0, 1, -4.77549, 1.03396, 4.14903)

[node name="cube8" parent="World" instance=ExtResource("13_drtpy")]
transform = Transform3D(1, 0, 0, 0, 1, 0, 0, 0, 1, -8, 2, 7)

[node name="cube9" parent="World" instance=ExtResource("13_drtpy")]
transform = Transform3D(1, 0, 0, 0, 1, 0, 0, 0, 1, 2, 0, 4)

[node name="cube10" parent="World" instance=ExtResource("13_drtpy")]
transform = Transform3D(1, 0, 0, 0, 1, 0, 0, 0, 1, -3, -1, 7)

[node name="cube11" parent="World" instance=ExtResource("13_drtpy")]
transform = Transform3D(1, 0, 0, 0, 1, 0, 0, 0, 1, -5, -1, 2)

[node name="cube12" parent="World" instance=ExtResource("13_drtpy")]
transform = Transform3D(1, 0, 0, 0, 1, 0, 0, 0, 1, -12, 2, -4)

[node name="cube13" parent="World" instance=ExtResource("13_drtpy")]
transform = Transform3D(1, 0, 0, 0, 1, 0, 0, 0, 1, 0, 1, -3)

[node name="cube14" parent="World" instance=ExtResource("13_drtpy")]
transform = Transform3D(1, 0, 0, 0, 1, 0, 0, 0, 1, 3, 2, -4)

[node name="Cloud" parent="World" instance=ExtResource("13_drtpy")]
transform = Transform3D(1, 0, 0, 0, 0.965926, 0.258819, 0, -0.258819, 0.965926, -8, 1, 2)

[node name="Sun" type="DirectionalLight3D" parent="."]
transform = Transform3D(-0.422618, -0.694272, 0.582563, 0, 0.642788, 0.766044, -0.906308, 0.323744, -0.271654, 0, 0, 0)
shadow_enabled = true
shadow_opacity = 0.75

[node name="HUD" parent="." instance=ExtResource("12_6fq7j")]
process_mode = 0

[node name="Player2" parent="." instance=ExtResource("12_i4d6g")]
transform = Transform3D(1, 0, 0, 0, 1, 0, 0, 0, 1, -2.72997, 0.5, 0.0161458)
